id	label	x	y	cluster	weight<Links>	weight<Total link strength>	weight<Documents>	weight<Citations>	weight<Norm. citations>	score<Avg. pub. year>	score<Avg. citations>	score<Avg. norm. citations>
9	"abbasi, a"	-0.2289	0.6583	33	4	9	11	290	21.7095	2011.5455	26.3636	1.9736
21	"abels, e"	-0.3151	-0.5326	15	3	3	5	89	5.7587	1996.2	17.8	1.1517
29	"abramo, g"	1.6202	0.9695	30	6	109	68	905	102.3496	2012.8529	13.3088	1.5051
30	"abrizah, a"	-0.2006	-0.7038	9	3	4	6	39	5.8053	2014.6667	6.5	0.9675
32	"abt, h"	0.2858	-0.5492	13	1	1	5	52	2.8738	1997.6	10.4	0.5748
50	"adams, j"	0.3832	0.5025	28	1	1	6	122	9.1978	2010.3333	20.3333	1.533
80	"aguillo, i"	0.5681	-0.3546	11	5	6	6	104	6.262	2007.1667	17.3333	1.0437
81	"aguillo, if"	0.4995	-0.2138	11	12	19	16	287	23.477	2011.4375	17.9375	1.4673
86	"ahlgren, p"	0.604	0.4063	14	8	19	13	334	20.5244	2010.0769	25.6923	1.5788
106	"ajiferuke, i"	-0.8473	0.2137	26	3	9	10	136	11.1824	2005.1	13.6	1.1182
114	"aksnes, d"	0.9064	0.2052	17	2	3	5	320	14.762	2002.6	64	2.9524
115	"aksnes, dw"	0.8278	0.1561	17	3	4	8	189	16.9814	2012	23.625	2.1227
147	"albarran, p"	0.3166	0.6908	20	3	15	8	193	13.7734	2011.625	24.125	1.7217
190	"allen, b"	-0.0722	-0.2814	15	5	6	6	217	11.5809	1997	36.1667	1.9301
192	"allen, d"	0.0836	-0.3209	12	2	2	6	101	7.4724	2010.1667	16.8333	1.2454
311	"aparicio, j"	1.3661	0.0045	29	5	11	5	35	6.2608	2013.8	7	1.2522
331	"archambault, e"	0.0596	-0.3994	9	3	16	11	620	29.5039	2007.8182	56.3636	2.6822
340	"arencibia-jorge, r"	0.506	0.7886	20	4	8	5	41	3.3207	2011.6	8.2	0.6641
373	"arunachalam, s"	0.0858	0.3963	6	2	2	9	122	7.1478	1992.4444	13.5556	0.7942
407	"ausloos, m"	0.6284	-0.2716	11	1	1	8	82	11.3623	2012	10.25	1.4203
469	"bailon-moreno, r"	-0.99	1.4501	18	4	24	9	63	3.2293	2004.8889	7	0.3588
502	"ball, m"	-0.0175	-0.6407	13	1	4	8	24	1.8581	1989.875	3	0.2323
525	"bar-ilan, j"	0.3335	-0.1864	11	10	17	41	1086	71.7876	2007.6585	26.4878	1.7509
546	"barjak, f"	-0.227	-0.5083	5	3	5	5	124	5.31	2006.6	24.8	1.062
553	"barnett, ga"	0.2461	-0.0428	10	4	6	6	55	4.8023	2011.1667	9.1667	0.8004
560	"barre, r"	0.7762	-0.8771	21	1	1	6	39	2.2422	1993.8333	6.5	0.3737
598	"bassecoulard, e"	0.7468	-0.9424	21	3	19	14	508	27.5044	2002.1429	36.2857	1.9646
620	"bauer, j"	0.747	0.7737	23	3	7	5	9	2.8351	2015.4	1.8	0.567
645	"beath, c"	-0.0085	-1.3033	32	4	13	5	8	0.4005	1992.2	1.6	0.0801
651	"beaulieu, m"	-0.0187	0.0248	8	4	5	5	91	5.0445	1999.6	18.2	1.0089
652	"beaver, d"	0.1525	-0.3609	13	6	14	8	270	14.0891	2009.375	33.75	1.7611
669	"beheshti, j"	-0.8549	0.4309	26	5	25	17	310	18.2862	2002.4706	18.2353	1.0757
681	"belkin, n"	-0.585	-0.3067	4	4	4	5	42	3.4819	1999.8	8.4	0.6964
682	"belkin, nj"	-0.5919	-0.082	4	3	4	5	41	4.4938	2012.2	8.2	0.8988
713	"bensman, s"	0.3145	0.4571	28	1	1	6	105	4.7549	2000.3333	17.5	0.7925
714	"bensman, sj"	0.2592	0.5068	28	1	1	7	77	4.4962	2009.7143	11	0.6423
733	"bergman, o"	0.1235	-0.151	8	2	2	5	76	4.4408	2009.6	15.2	0.8882
764	"besagni, d"	0.911	-0.8178	21	7	23	5	35	2.6009	2012	7	0.5202
786	"bhattacharya, s"	0.0381	0.1418	6	5	7	14	198	12.059	2006.0714	14.1429	0.8614
811	"bilal, d"	-0.3134	-0.1772	5	1	1	6	434	21.5695	2001.8333	72.3333	3.5949
885	"bodoff, d"	-0.0808	0.002	8	4	4	12	56	3.2574	2005.3333	4.6667	0.2714
889	"boerner, k"	-0.0768	-0.1592	3	9	11	9	233	15.9878	2011.1111	25.8889	1.7764
905	"bollen, j"	-0.1507	0.2547	6	7	10	7	278	13.1213	2009	39.7143	1.8745
913	"bonaccorsi, a"	1.1227	0.6388	30	3	10	9	194	14.7255	2011.2222	21.5556	1.6362
923	"bonitz, m"	0.6	-0.2995	11	1	5	23	159	9.9572	1996	6.913	0.4329
934	"bookstein, a"	0.2101	0.8906	25	2	2	17	422	26.6243	1995.1765	24.8235	1.5661
941	"bordons, m"	1.2636	0.0223	29	10	44	30	1028	60.4219	2006.0333	34.2667	2.0141
943	"borgman, c"	0.0288	0.2054	8	4	8	19	773	49.7019	1992.5789	40.6842	2.6159
948	"borner, k"	0.6428	-0.213	11	4	5	6	429	22.7988	2007.3333	71.5	3.7998
949	"bornmann, l"	0.7193	0.6628	23	29	172	152	2714	303.9736	2012.7434	17.8553	1.9998
965	"bouabid, h"	-0.2025	-0.585	9	1	2	6	46	3.866	2012.3333	7.6667	0.6443
991	"boyack, kw"	0.2329	-0.3058	13	4	17	15	649	45.1633	2010.6667	43.2667	3.0109
998	"bozeman, b"	-0.5204	0.6386	7	3	3	5	81	6.1156	2011.2	16.2	1.2231
999	"braam, r"	0.8784	-0.118	19	4	7	5	348	18.1328	2000	69.6	3.6266
1013	"branin, j"	-0.0083	-1.2639	32	4	13	6	4	0.2436	1994	0.6667	0.0406
1019	"braun, t"	1.1432	-0.2808	24	10	95	72	2066	125.2095	1994.7222	28.6944	1.739
1097	"bruza, p"	-0.1219	0.0203	8	1	1	6	86	4.6824	2005.5	14.3333	0.7804
1116	"buckley, k"	-0.3028	-1.0163	9	2	11	7	638	47.152	2012.2857	91.1429	6.736
1162	"burrell, q"	-0.0794	0.5562	25	1	1	26	363	17.8798	2000	13.9615	0.6877
1176	"butler, l"	0.9519	0.101	19	1	1	6	152	7.6991	2003.1667	25.3333	1.2832
1183	"cabanac, g"	0.3644	-0.0549	10	2	7	14	45	8.2385	2013.6429	3.2143	0.5885
1214	"calero-medina, c"	0.8922	0.3173	14	12	14	5	159	13.3212	2011.2	31.8	2.6642
1222	"callon, m"	-1.142	1.4331	18	2	7	6	272	14.0634	1990.1667	45.3333	2.3439
1326	"case, d"	0.0212	0.2436	8	2	4	14	242	13.0007	1995.0714	17.2857	0.9286
1336	"castellano, c"	-0.0805	0.4514	12	5	9	5	96	10.6345	2012.6	19.2	2.1269
1384	"chambers, t"	-0.4027	0.0637	2	9	17	5	28	6.8542	2014.6	5.6	1.3708
1416	"chang, hw"	-1.3016	0.0032	22	2	5	5	27	3.0465	2013.4	5.4	0.6093
1419	"chang, kc"	-1.5115	-0.1389	22	3	6	7	73	5.2477	2011.4286	10.4286	0.7497
1432	"chang, yw"	-1.3084	-0.1103	22	1	4	7	43	5.8803	2014	6.1429	0.84
1450	"chau, m"	-0.3285	0.0585	3	5	11	8	172	8.1309	2005.75	21.5	1.0164
1467	"chen, c"	-0.4715	0.1364	2	16	24	34	969	59.2988	2007.1176	28.5	1.7441
1473	"chen, d"	-0.6725	-0.1001	4	9	19	8	113	6.6767	2008.5	14.125	0.8346
1475	"chen, dz"	-1.1942	-0.0349	22	10	58	33	223	20.7701	2012.6364	6.7576	0.6294
1477	"chen, h"	-0.3333	-0.0108	3	23	47	62	1479	84.9754	2005.4355	23.8548	1.3706
1478	"chen, hh"	-1.5645	0.0922	22	1	1	6	61	3.9157	2011.3333	10.1667	0.6526
1480	"chen, j"	-0.2176	0.0134	10	9	17	9	61	4.2949	2009.6667	6.7778	0.4772
1484	"chen, k"	-0.6985	-0.066	3	4	8	6	68	7.387	2013.3333	11.3333	1.2312
1487	"chen, l"	-0.0685	-0.1042	3	3	3	6	45	3.8678	2007.3333	7.5	0.6446
1501	"chen, s"	-0.2014	0.0989	6	7	8	6	166	9.4264	2009.8333	27.6667	1.5711
1508	"chen, x"	-0.3245	-0.0972	1	6	6	6	19	1.4869	2011.3333	3.1667	0.2478
1509	"chen, y"	-0.6037	-0.0261	2	16	18	22	227	18.0582	2005.7727	10.3182	0.8208
1515	"chen, ys"	-1.5348	-0.1472	22	1	4	9	66	4.5683	2011.3333	7.3333	0.5076
1517	"chen, z"	-0.5384	0.2048	16	10	15	12	189	12.8779	2010	15.75	1.0732
1529	"cheng, y"	-0.6941	-0.3284	15	4	5	6	68	5.3516	2008.3333	11.3333	0.8919
1539	"cheung, cmk"	-0.6336	0.4192	16	2	6	6	104	10.4766	2011.3333	17.3333	1.7461
1544	"chi, ps"	0.5213	-0.1131	24	3	3	5	10	4.4755	2015.4	2	0.8951
1562	"chinchilla-rodriguez, z"	0.566	0.8311	20	10	37	13	263	19.9989	2011.7692	20.2308	1.5384
1599	"choi, s"	0.2224	0.0535	10	3	6	5	94	8.6076	2012.2	18.8	1.7215
1619	"chowdhury, g"	-0.8017	-0.2127	2	2	4	5	86	5.3588	2007	17.2	1.0718
1635	"chua, ayk"	-0.2983	0.296	12	2	2	6	89	7.2506	2010	14.8333	1.2084
1638	"chuang, ky"	-0.6506	0.2632	12	3	7	6	147	9.502	2011.5	24.5	1.5837
1643	"chubin, d"	-0.47	0.3372	8	1	3	5	146	10.2827	1984.4	29.2	2.0565
1658	"chung, w"	-0.3602	0.028	3	6	12	7	173	8.1179	2007.7143	24.7143	1.1597
1666	"cicero, t"	1.4338	0.8464	30	3	30	16	241	26.7909	2012.8125	15.0625	1.6744
1703	"coccia, m"	-0.5017	0.6426	7	1	1	5	42	3.8017	2010.6	8.4	0.7603
1713	"cohen, j"	-0.2718	0.0295	1	1	1	10	151	10.7192	1992.1	15.1	1.0719
1722	"cole, c"	-0.7917	0.4363	26	5	21	22	284	16.3221	2003.7727	12.9091	0.7419
1740	"colliander, c"	0.6487	0.4249	14	2	5	5	66	5.4162	2011.8	13.2	1.0832
1757	"comins, ja"	0.4661	0.5809	28	2	3	5	26	9.7068	2015.4	5.2	1.9414
1791	"cooper, m"	-0.1421	-0.4188	13	2	5	14	136	7.3915	1991.1429	9.7143	0.528
1798	"corera-alvarez, e"	0.5543	0.7821	20	6	18	5	175	8.7837	2009.8	35	1.7567
1829	"costas, r"	1.0067	0.0451	29	14	32	21	617	62.0772	2011.9048	29.381	2.9561
1834	"cothey, v"	0.5423	-0.3112	11	4	4	5	98	4.4522	2004.8	19.6	0.8904
1840	"courtial, j"	-1.0958	1.4269	18	6	22	23	667	47.4875	1993.1739	29	2.0647
1859	"cozzens, s"	0.3883	0.4289	28	1	1	7	201	13.5457	1990	28.7143	1.9351
1895	"cronin, b"	-0.62	-0.57	31	13	28	56	1331	86.825	2006.9107	23.7679	1.5504
1945	"czerwon, h"	0.719	-0.0681	17	4	9	6	249	16.5446	1996	41.5	2.7574
1949	"d'angelo, ca"	1.6591	0.995	30	6	109	67	904	101.5291	2012.806	13.4925	1.5154
1979	"danell, r"	0.7651	0.4021	14	3	8	11	308	16.6277	2006.2727	28	1.5116
1983	"daniel, h"	0.9203	0.7449	23	1	2	5	239	12.1319	1999.2	47.8	2.4264
1984	"daniel, hd"	0.8076	0.6185	23	4	55	38	1130	63.7719	2009.7632	29.7368	1.6782
1991	"daraio, c"	1.0924	0.6163	30	3	9	10	197	13.7873	2011.2	19.7	1.3787
2024	"davis, c"	-0.7171	-0.5721	31	2	4	15	86	6.0153	1990.7333	5.7333	0.401
2030	"davis, m"	0.0874	-0.5245	1	8	12	6	72	3.9326	2003.5	12	0.6554
2086	"de moor, b"	0.2127	-0.1947	16	4	13	6	84	4.6387	2009.3333	14	0.7731
2090	"de moya anegon, f"	0.613	0.1887	11	5	12	8	126	14.8652	2013	15.75	1.8582
2091	"de moya-anegon, f"	0.6036	0.6554	20	21	58	31	475	38.3993	2010.8387	15.3226	1.2387
2125	"debackere, k"	0.6906	-0.2556	19	16	55	25	553	29.5763	2006.68	22.12	1.1831
2164	"delgado lopez-cozar, e"	-0.6814	1.359	18	6	23	12	90	16.7322	2013.5	7.5	1.3944
2168	"delia, g"	-0.0298	-1.2189	32	5	16	9	9	0.5004	1994.3333	1	0.0556
2237	"di costa, f"	1.7001	0.927	30	2	22	11	120	10.3703	2012.2727	10.9091	0.9428
2260	"didegah, f"	-0.2624	-0.7501	9	6	15	9	182	19.5558	2013.3333	20.2222	2.1729
2265	"diesner, j"	0.1523	-0.0873	10	1	5	5	16	6.5925	2015.2	3.2	1.3185
2290	"ding, k"	-0.568	0.2801	2	8	11	6	27	3.4946	2013.8333	4.5	0.5824
2294	"ding, y"	-0.4902	-0.053	2	30	85	42	820	65.5109	2011.8095	19.5238	1.5598
2304	"diospatonyi, i"	1.2783	-0.3216	24	2	8	5	74	3.5638	2006.2	14.8	0.7128
2359	"dore, j"	0.9773	-1.2908	21	3	19	10	173	10.9373	1997.2	17.3	1.0937
2360	"doreian, p"	0.6476	1.0195	20	2	6	8	175	15.8238	1996.5	21.875	1.978
2469	"eastman, c"	-0.2007	-0.1828	5	1	1	6	20	0.919	1994.8333	3.3333	0.1532
2492	"egghe, l"	0.142	0.6117	25	9	45	132	2094	109.365	2004.2803	15.8636	0.8285
2526	"ellis, d"	0.0527	-0.2612	12	6	27	10	345	16.2003	1998.9	34.5	1.62
2544	"engels, tce"	0.6516	0.2354	17	6	13	10	100	12.3045	2014.5	10	1.2304
2564	"eres, b"	-0.0621	-0.7071	13	1	1	7	36	2.2181	1982.5714	5.1429	0.3169
2607	"evens, m"	-0.64	-0.1514	3	1	1	6	150	9.2535	1995	25	1.5422
2627	"fairclough, r"	-0.1905	-0.9675	9	2	7	6	91	17.1465	2012	15.1667	2.8577
2640	"fan, w"	-0.3275	-0.3576	5	5	8	7	90	5.8823	2009.8571	12.8571	0.8403
2650	"fang, y"	-0.0125	0.5279	25	1	2	6	91	7.4821	2008.8333	15.1667	1.247
2687	"fdez-valdivia, j"	-0.4487	1.4347	18	6	53	21	78	11.9983	2013.5714	3.7143	0.5713
2713	"ferligoj, a"	0.624	0.989	20	5	11	5	58	10.2374	2014	11.6	2.0475
2723	"fernandez, m"	1.243	-0.0536	29	6	18	9	370	20.2614	1998.2222	41.1111	2.2513
2755	"fidel, r"	-0.1922	-0.4373	16	2	2	11	679	44.8298	1993.6364	61.7273	4.0754
2820	"foo, s"	-0.7621	-0.2076	2	5	10	5	111	6.092	2004	22.2	1.2184
2826	"ford, n"	0.0233	-0.2296	12	4	24	17	525	23.6119	2002.5882	30.8824	1.3889
2839	"foster, a"	0.0009	-0.2717	12	4	24	7	338	13.8537	2002.2857	48.2857	1.9791
2847	"fox, e"	-0.3425	-0.457	5	4	5	7	212	13.0454	1992	30.2857	1.8636
2867	"francois, c"	0.982	-0.8531	21	8	26	9	94	5.4435	2007.4444	10.4444	0.6048
2869	"frandsen, tf"	1.3167	0.463	36	2	9	13	128	8.3976	2010.5385	9.8462	0.646
2939	"fu, hz"	-0.7274	0.2794	12	2	8	8	81	10.8801	2013.75	10.125	1.36
3022	"gao, x"	-0.7869	-0.054	3	3	10	8	118	8.1526	2010.25	14.75	1.0191
3032	"garcia, ja"	-0.4776	1.388	18	6	53	21	78	11.9983	2013.5714	3.7143	0.5713
3046	"garfield, e"	0.2665	-0.5271	13	5	9	25	412	21.4107	1997.88	16.48	0.8564
3047	"garg, k"	0.1584	0.3299	6	5	16	22	285	15.7985	1998.2727	12.9545	0.7181
3082	"gazni, a"	-0.2955	-0.779	9	4	10	9	114	10.0733	2013.4444	12.6667	1.1193
3165	"gingras, y"	-0.0606	-0.4149	9	5	27	20	871	56.6541	2010.45	43.55	2.8327
3183	"glaenzel, w"	0.4704	-0.1489	24	11	23	18	269	21.8564	2011.6667	14.9444	1.2142
3184	"glanzel, w"	0.5826	-0.1685	24	46	208	141	4509	260.7051	2003.1986	31.9787	1.849
3213	"goh, dhl"	-0.2947	0.3133	12	1	1	5	77	4.9482	2011.8	15.4	0.9896
3241	"gomes, janf"	0.7008	-0.5072	11	1	7	7	147	9.8493	2011.2857	21	1.407
3244	"gomez, i"	1.3069	-0.0428	29	7	33	18	593	32.6061	1997.6667	32.9444	1.8114
3269	"gonzalez-albo, b"	1.3944	0.0331	29	4	11	5	37	5.7787	2013.6	7.4	1.1557
3299	"gorraiz, j"	0.9528	-0.5731	27	14	48	24	186	25.3288	2012.6667	7.75	1.0554
3353	"greenberg, j"	0.4641	-0.5867	1	1	1	6	118	5.8523	2004	19.6667	0.9754
3368	"griffith, b"	0.3988	-0.5434	1	2	4	11	477	32.7557	1985.8182	43.3636	2.9778
3391	"grupp, h"	1.0522	-0.4118	27	4	11	11	231	12.9672	1996.4545	21	1.1788
3399	"guan, j"	-0.6658	-0.037	3	14	33	37	520	38.5056	2010.3243	14.0541	1.0407
3414	"guerrero-bote, vp"	0.6351	0.696	20	6	17	12	350	27.7438	2011.1667	29.1667	2.312
3430	"gumpenberger, c"	0.9099	-0.5854	27	13	41	18	84	14.8776	2013.4444	4.6667	0.8265
3432	"guns, r"	0.3208	0.2182	17	8	26	18	141	14.2882	2012.8333	7.8333	0.7938
3436	"guo, h"	-0.4429	-0.1104	3	9	10	5	68	5.1379	2007.4	13.6	1.0276
3442	"guo, x"	-0.7572	-0.0748	3	4	6	6	34	4.0589	2013.5	5.6667	0.6765
3443	"guo, y"	-0.3226	-0.2227	5	14	15	6	42	4.1529	2009.8333	7	0.6922
3446	"gupta, b"	0.2135	0.2246	6	6	22	24	208	12.2711	1998.625	8.6667	0.5113
3482	"haddawy, p"	-0.299	0.1228	4	4	8	6	32	6.0044	2013.8333	5.3333	1.0007
3506	"halevi, g"	0.58	0.2467	11	2	6	5	23	6.4088	2014.8	4.6	1.2818
3527	"hammarfelt, b"	0.3277	0.5454	28	1	1	6	109	11.5273	2012.1667	18.1667	1.9212
3572	"harman, d"	-0.0209	-0.6861	13	1	1	5	166	7.4328	1992.2	33.2	1.4866
3594	"harter, s"	-0.7815	-0.3834	15	2	5	14	571	38.122	1994.7857	40.7857	2.723
3595	"hartley, j"	0.3276	-0.0521	10	4	13	25	146	16.7867	2012.24	5.84	0.6715
3614	"hassan, su"	-0.308	0.0999	4	4	8	6	34	5.6235	2013.6667	5.6667	0.9373
3629	"haunschild, r"	0.8059	0.7725	23	4	15	12	36	20.9445	2015.6667	3	1.7454
3634	"haustein, s"	-0.1701	-0.6475	9	7	11	8	213	46.1626	2013.875	26.625	5.7703
3635	"havemann, f"	0.635	-0.0142	17	4	6	6	36	2.3575	2004	6	0.3929
3646	"hayes, r"	-0.0979	-0.6817	13	1	1	5	12	0.8899	1991.8	2.4	0.178
3654	"he, b"	-0.3771	0.1769	6	9	17	7	47	4.3314	2012	6.7143	0.6188
3660	"he, s"	-0.5759	0.0325	2	4	4	5	34	1.7896	2006.2	6.8	0.3579
3661	"he, t"	-0.705	0.1416	7	2	2	5	64	3.6339	2007.8	12.8	0.7268
3685	"heimeriks, g"	0.5005	0.1192	11	2	5	6	141	11.5142	2009	23.5	1.919
3754	"herrera, f"	-0.6902	1.4449	18	8	20	12	517	32.6888	2011	43.0833	2.7241
3757	"herrera-viedma, e"	-0.7222	1.4675	18	1	8	13	680	42.8882	2009.5385	52.3077	3.2991
3758	"herrero-solana, v"	0.6108	0.7998	20	6	17	6	214	10.3575	2005.8333	35.6667	1.7262
3765	"hersh, w"	-0.058	-0.6634	13	1	1	8	171	10.9066	1995.125	21.375	1.3633
3781	"hicks, d"	-0.5151	0.4166	16	3	7	8	398	26.0387	2003.875	49.75	3.2548
3809	"hinze, s"	0.9208	-0.4285	27	8	21	10	83	4.8736	2003.6	8.3	0.4874
3840	"ho, ys"	-0.727	0.2324	12	9	19	30	834	67.4519	2012.0333	27.8	2.2484
3859	"hoerlesberger, m"	0.9626	-0.7701	21	8	22	5	31	2.0739	2012.2	6.2	0.4148
3881	"holmberg, k"	-0.2521	-0.6656	9	5	6	5	75	17.4961	2012.8	15	3.4992
3897	"hong, s"	-0.5758	-0.1607	4	6	10	7	114	12.8012	2012.7143	16.2857	1.8287
3902	"hood, w"	0.2289	-0.6496	1	2	9	8	203	9.8395	2001.625	25.375	1.2299
3912	"hornbostel, s"	0.9224	-0.4907	27	6	16	8	46	6.2567	2011.375	5.75	0.7821
3922	"hossain, l"	-0.2106	0.6925	33	3	8	7	210	16.9904	2012.7143	30	2.4272
3967	"hu, g"	-0.6228	0.2024	7	6	14	7	57	14.3113	2014.4286	8.1429	2.0445
3978	"hu, x"	-0.1465	0.1723	10	2	12	10	81	6.442	2011.5	8.1	0.6442
3982	"hu, z"	-0.4793	0.0987	2	4	7	6	61	6.3675	2012.3333	10.1667	1.0612
3985	"hua, w"	-0.5589	0.0805	2	3	8	5	8	1.5975	2014.6	1.6	0.3195
3988	"huang, c"	-0.4586	0.2364	8	4	5	5	121	7.3174	2009.6	24.2	1.4635
3993	"huang, h"	-0.3288	0.4229	6	3	4	5	34	3.6515	2011.8	6.8	0.7303
3998	"huang, m"	-0.4818	-0.0973	4	11	24	14	183	12.3631	2010.4286	13.0714	0.8831
4000	"huang, mh"	-1.2564	-0.0485	22	12	69	45	279	28.1974	2012.9778	6.2	0.6266
4007	"huang, x"	-0.3529	-0.1921	16	4	5	6	46	3.0411	2010.6667	7.6667	0.5068
4008	"huang, y"	-0.5051	0.1628	2	11	12	12	37	6.4098	2013.6667	3.0833	0.5341
4011	"huang, z"	-0.3743	0.0977	3	9	13	6	289	13.2516	2009.8333	48.1667	2.2086
4014	"huber, j"	0.6149	-0.0555	17	1	2	7	100	5.3464	2000.7143	14.2857	0.7638
4044	"humphrey, s"	-0.0742	-0.3218	15	3	3	9	98	6.2858	1996.6667	10.8889	0.6984
4107	"ingwersen, p"	0.7412	0.1735	17	9	15	22	441	26.0224	2005.5455	20.0455	1.1828
4151	"iyengar, s"	-0.5502	-0.2256	5	1	1	6	26	1.2884	1999.3333	4.3333	0.2147
4196	"jamali, hr"	0.0883	-0.6687	1	1	1	5	70	10.1807	2012.2	14	2.0361
4212	"jansen, bj"	-0.2424	0.1765	12	5	13	14	707	38.6999	2009.8571	50.5	2.7643
4216	"janssens, f"	0.2625	-0.1984	16	8	18	7	155	8.7091	2008.8571	22.1429	1.2442
4225	"jarneving, b"	0.5455	0.4159	14	2	7	10	353	16.3643	2005.7	35.3	1.6364
4228	"jarvelin, k"	0.8974	0.4649	14	4	7	16	170	8.9965	2005.75	10.625	0.5623
4266	"jeong, s"	0.0505	-0.0912	10	2	2	5	50	4.2249	2011.4	10	0.845
4269	"jeong, yk"	-0.2515	0.1213	2	2	6	5	16	2.8114	2015	3.2	0.5623
4283	"jiang, g"	-0.1878	-0.0878	3	4	5	5	24	1.2921	1996.2	4.8	0.2584
4297	"jimenez-contreras, e"	-0.8678	1.411	18	8	25	10	59	7.7228	2008.4	5.9	0.7723
4301	"jin, b"	-0.6374	0.1551	2	7	10	7	100	5.4973	2004.2857	14.2857	0.7853
4310	"joergensen, c"	-0.3067	0.4391	6	3	6	6	21	1.6342	2010.5	3.5	0.2724
4352	"jonkers, k"	0.6309	0.0924	11	5	5	7	72	4.2827	2011	10.2857	0.6118
4400	"jurado-alameda, e"	-1.0372	1.4526	18	4	14	5	48	2.2782	2005.6	9.6	0.4556
4471	"kantor, p"	-0.3801	-0.5122	15	8	20	16	739	55.6767	1996.9375	46.1875	3.4798
4495	"karisiddappa, c"	0.2431	0.2456	6	3	13	9	75	4.4303	1998.2222	8.3333	0.4923
4524	"katz, j"	-0.5221	0.4453	16	1	3	5	366	22.5834	1996	73.2	4.5167
4533	"kaur, j"	-0.1466	0.3669	12	2	6	5	130	10.5068	2011.8	26	2.1014
4550	"kazmer, mm"	-0.2662	0.368	6	3	4	6	27	2.7111	2011.8333	4.5	0.4519
4572	"kelly, d"	-0.4411	-0.4943	15	4	7	5	81	4.8277	2007.8	16.2	0.9655
4603	"khan, gf"	0.0013	-0.0632	10	3	8	12	76	10.0442	2013.25	6.3333	0.837
4634	"kim, b"	0.2944	0.0256	10	1	1	5	68	7.567	2012.8	13.6	1.5134
4641	"kim, h"	-0.0119	-0.0118	8	5	5	8	113	9.2016	2009.625	14.125	1.1502
4647	"kim, j"	0.1277	-0.0744	10	4	9	15	119	17.2487	2012.8667	7.9333	1.1499
4651	"kim, k"	0.2568	0.0215	10	6	15	13	441	29.3184	2009.3846	33.9231	2.2553
4652	"kim, m"	0.0582	0.0088	8	2	2	6	67	4.3482	2005.1667	11.1667	0.7247
4657	"kim, s"	-0.2109	-0.1528	5	9	9	11	269	16.7477	2010	24.4545	1.5225
4661	"kim, w"	-0.1377	-0.0843	10	4	4	6	48	6.2011	2011.3333	8	1.0335
4662	"kim, y"	0.2173	-0.0286	10	2	2	5	57	8.0103	2012.6	11.4	1.6021
4673	"king, d"	0.0632	-0.6878	1	1	1	5	49	2.6518	1996.4	9.8	0.5304
4703	"klavans, r"	0.2965	-0.3187	13	4	16	15	881	54.5279	2010.0667	58.7333	3.6352
4808	"koshman, s"	-0.2038	0.1695	12	2	6	5	122	5.313	2006.8	24.4	1.0626
4828	"kousha, k"	-0.0391	-0.8121	9	3	22	21	594	62.8315	2011.8095	28.2857	2.992
4835	"kozak, m"	0.3676	-0.0156	10	4	8	7	31	6.8437	2014.1429	4.4286	0.9777
4856	"kretschmer, h"	0.1739	-0.3228	13	17	38	35	482	28.1972	2001.4286	13.7714	0.8056
4857	"kretschmer, t"	0.21	-0.3639	13	4	16	8	46	4.6448	2012.25	5.75	0.5806
4867	"kronegger, l"	0.6567	0.9826	20	5	11	6	58	10.2374	2014.3333	9.6667	1.7062
4879	"kuan, ch"	-1.4244	0.0235	22	3	9	5	26	2.5577	2012.6	5.2	0.5115
4907	"kumar, s"	0.2059	0.1618	6	7	18	16	155	13.2205	2006.125	9.6875	0.8263
4912	"kundra, r"	0.2128	-0.2494	13	5	9	8	55	3.7123	2000.5	6.875	0.464
4951	"kyvik, s"	0.8304	0.3748	14	1	1	6	161	8.4915	1998	26.8333	1.4152
4988	"lam, w"	-0.1769	0.0535	12	6	6	5	17	0.8239	2004	3.4	0.1648
5001	"lancaster, f"	-0.1131	-0.309	15	6	8	24	224	14.4592	1988.5833	9.3333	0.6025
5035	"large, a"	-0.8271	0.472	26	4	23	15	297	15.7288	2003.6667	19.8	1.0486
5036	"lariviere, v"	-0.1624	-0.5009	9	19	70	45	1172	107.2427	2012.4667	26.0444	2.3832
5041	"larsen, b"	0.7165	0.1177	17	8	14	10	104	11.9122	2011.2	10.4	1.1912
5130	"lee, h"	-0.0724	-0.0561	10	3	3	10	113	11.1783	2011.1	11.3	1.1178
5133	"lee, j"	-0.2372	-0.4218	15	2	3	11	125	6.5806	2002.8182	11.3636	0.5982
5145	"lee, m"	-0.1329	-0.2129	16	3	3	8	120	5.819	2004.25	15	0.7274
5147	"lee, mko"	-0.6135	0.4074	16	2	6	5	90	9.7428	2012	18	1.9486
5150	"lee, s"	-0.0064	-0.1038	10	5	5	5	45	3.8081	2008	9	0.7616
5220	"lepori, b"	0.6276	-0.3906	11	5	6	7	23	2.4852	2014.5714	3.2857	0.355
5231	"leta, j"	0.444	0.037	1	6	9	14	406	19.3265	2005.4286	29	1.3805
5239	"levene, m"	0.4054	-0.2213	11	3	7	6	177	9.8393	2008.8333	29.5	1.6399
5251	"levitt, jm"	-0.1458	-0.5734	9	4	12	10	194	14.2788	2011.3	19.4	1.4279
5260	"lewison, g"	0.2612	-0.112	1	6	6	29	465	26.3924	2003.6552	16.0345	0.9101
5262	"leydesdorff, l"	0.295	0.3748	28	45	140	183	5083	382.4253	2008	27.776	2.0898
5266	"li, c"	-0.5405	0.0126	3	12	13	9	40	6.6818	2014.1111	4.4444	0.7424
5268	"li, d"	-0.3498	0.1306	6	15	23	10	70	5.5795	2011.6	7	0.558
5272	"li, j"	-0.3622	-0.0408	8	29	38	25	384	37.4467	2012.92	15.36	1.4979
5275	"li, l"	-0.6629	0.1209	2	5	5	5	102	6.0606	2006.8	20.4	1.2121
5276	"li, m"	-0.7542	0.0682	7	9	12	7	13	5.3446	2011.2857	1.8571	0.7635
5278	"li, q"	-0.3591	-0.0875	3	10	12	6	25	1.7392	2010.5	4.1667	0.2899
5280	"li, s"	-0.1852	-0.2635	16	5	8	6	24	2.6109	2012.6667	4	0.4352
5283	"li, w"	-0.3275	-0.0541	8	12	14	12	47	4.9484	2010.6667	3.9167	0.4124
5284	"li, x"	-0.4155	-0.3272	5	14	20	11	230	15.4863	2009.9091	20.9091	1.4078
5285	"li, y"	-0.479	0.048	2	28	38	26	158	17.7909	2011.9615	6.0769	0.6843
5288	"li, z"	-0.4857	0.1984	8	7	7	5	66	6.1286	2013.6	13.2	1.2257
5293	"liang, l"	0.1009	-0.1089	3	19	39	25	312	17.6544	2007.08	12.48	0.7062
5300	"liao, j"	-0.6266	0.0733	2	2	4	5	4	1.3476	2010.2	0.8	0.2695
5351	"lin, h"	-0.616	0.3181	2	5	8	7	29	3.0628	2013.2857	4.1429	0.4375
5362	"lin, s"	-0.6204	-0.2797	4	4	4	5	23	1.5356	2007.4	4.6	0.3071
5368	"lin, y"	-0.6693	0.3506	2	8	14	8	31	2.5536	2008.625	3.875	0.3192
5418	"liu, c"	-0.6334	-0.0653	4	7	13	10	26	4.9582	2011.6	2.6	0.4958
5423	"liu, f"	-0.5399	-0.1565	4	8	8	8	15	4.2113	2014.25	1.875	0.5264
5424	"liu, g"	-0.7662	0.1226	7	1	1	5	34	2.8102	2004.2	6.8	0.562
5430	"liu, j"	-0.51	-0.1398	4	17	18	11	66	7.0793	2009.5455	6	0.6436
5432	"liu, js"	-1.5547	0.0664	22	3	7	11	74	9.5672	2013.9091	6.7273	0.8697
5435	"liu, l"	-0.6301	-0.3363	15	4	4	7	51	3.5009	2007.4286	7.2857	0.5001
5445	"liu, s"	-0.5128	0.2356	2	6	9	5	37	4.0811	2012.6	7.4	0.8162
5448	"liu, w"	-0.5971	0.1055	7	14	23	14	109	23.4243	2011.8571	7.7857	1.6732
5450	"liu, x"	-0.3818	-0.1207	16	29	46	31	203	20.7492	2013.129	6.5484	0.6693
5452	"liu, y"	-0.3031	0.003	1	21	35	25	194	17.4638	2011.04	7.76	0.6986
5455	"liu, z"	-0.4443	0.1013	2	14	17	14	226	20.3931	2009.9286	16.1429	1.4567
5508	"lopez-illescas, c"	0.7046	0.2867	11	7	15	6	87	5.3069	2011.1667	14.5	0.8845
5543	"lozano, s"	-0.8874	0.1532	7	1	2	5	32	2.3581	2010.2	6.4	0.4716
5550	"lu, k"	-0.8157	0.169	26	2	8	7	46	4.2638	2012.2857	6.5714	0.6091
5552	"lu, lyy"	-1.5746	0.0507	22	1	5	5	61	6.7186	2013	12.2	1.3437
5577	"luis ortega, j"	0.4966	-0.2732	11	5	12	15	174	20.7528	2012	11.6	1.3835
5603	"lunin, l"	-0.0664	-0.6245	13	16	21	30	67	4.8987	1989.0667	2.2333	0.1633
5617	"luukkonen, t"	0.8333	0.234	17	3	3	6	213	14.2824	1992.5	35.5	2.3804
5618	"luwel, m"	0.824	-0.2453	19	5	13	11	313	17.6507	2000.1818	28.4545	1.6046
5628	"lynch, c"	-0.1021	-0.6363	13	1	1	8	73	3.7659	1993	9.125	0.4707
5641	"ma, f"	-0.4024	-0.1952	1	6	8	7	54	4.879	2012.7143	7.7143	0.697
5644	"ma, j"	-0.2394	0.2659	6	5	6	6	14	4.1316	2015	2.3333	0.6886
5646	"ma, n"	-0.4654	-0.1576	3	5	8	6	131	6.4574	2007.5	21.8333	1.0762
5648	"ma, r"	-0.4827	-0.2327	1	9	11	8	53	4.9116	2011.625	6.625	0.614
5655	"ma, z"	-0.4314	-0.1587	3	12	17	6	111	8.9604	2009.8333	18.5	1.4934
5804	"mao, w"	-0.6957	-0.1593	4	6	14	6	21	4.8997	2014.3333	3.5	0.8166
5815	"marchionini, g"	-0.2127	-0.322	5	3	4	11	413	25.2656	1999.5455	37.5455	2.2969
5852	"markusova, v"	0.3459	-0.4892	1	5	7	7	51	2.5732	2001.2857	7.2857	0.3676
5923	"marx, w"	0.7729	0.6733	23	6	43	31	442	62.7621	2012.3226	14.2581	2.0246
6002	"mccain, k"	0.4366	-0.6119	1	1	3	22	1326	72.1081	1994.1364	60.2727	3.2776
6003	"mccain, kw"	0.3046	-0.7368	1	1	1	8	51	3.6735	2010.875	6.375	0.4592
6064	"meadow, c"	-0.0071	0.2358	8	3	5	23	201	15.7393	1988.4783	8.7391	0.6843
6066	"meadows, a"	-0.0604	0.0621	8	2	2	5	19	1.1178	1991.8	3.8	0.2236
6086	"meho, li"	-0.6275	-0.6373	31	2	4	7	650	29.6579	2007.5714	92.8571	4.2368
6107	"melin, g"	0.7988	0.42	14	2	5	7	338	21.5423	1998.4286	48.2857	3.0775
6121	"menczer, f"	-0.1655	0.316	12	4	8	5	66	6.7269	2010.6	13.2	1.3454
6124	"mendez, a"	1.3024	-0.0914	29	5	16	11	154	10.1864	1991.9091	14	0.926
6169	"meyer, m"	0.1616	0.1229	6	8	19	27	1217	62.813	2005.7037	45.0741	2.3264
6188	"miguel campanario, j"	-0.6213	1.3267	18	3	3	18	177	11.7071	2010.8333	9.8333	0.6504
6189	"miguel, s"	0.6212	0.8771	20	6	14	6	75	7.4299	2011.3333	12.5	1.2383
6225	"milojevic, s"	-0.4564	-0.3081	2	16	32	15	223	20.6415	2013.0667	14.8667	1.3761
6244	"miquel, j"	0.9349	-1.3065	21	3	17	10	210	13.5193	1995.1	21	1.3519
6284	"moed, h"	0.8497	-0.1623	19	18	47	40	2129	117.016	1997.775	53.225	2.9254
6285	"moed, hf"	0.6749	0.3587	11	14	27	23	606	47.3118	2012.2174	26.3478	2.057
6296	"mohammadi, e"	-0.1354	-0.7783	9	4	7	5	110	28.911	2014	22	5.7822
6375	"moreno, l"	1.3571	0.0469	29	6	12	5	46	5.7256	2010.8	9.2	1.1451
6383	"morillo, f"	1.3218	0.0172	29	7	17	10	252	14.5918	2010.2	25.2	1.4592
6410	"mostafa, j"	-0.1531	0.0656	12	1	1	5	36	1.8721	2002.2	7.2	0.3744
6425	"moya-anegon, f"	0.5942	0.7345	20	9	27	18	449	33.0591	2010.1111	24.9444	1.8366
6495	"mutz, r"	0.6982	0.5103	23	5	41	25	738	64.6859	2011.8	29.52	2.5874
6572	"nederhof, a"	0.8817	-0.198	19	5	12	17	675	38.0762	1992.6471	39.7059	2.2398
6592	"nelson, m"	-0.9204	0.3242	26	1	1	6	64	3.4536	1998	10.6667	0.5756
6630	"ni, c"	-0.4855	-0.3842	1	13	24	11	111	11.8091	2012.2727	10.0909	1.0736
6640	"nicholson, s"	-0.5362	0.6877	7	1	1	5	36	1.696	2003.8	7.2	0.3392
6642	"nicolaisen, j"	1.3432	0.4677	36	1	8	10	84	6.0244	2010.8	8.4	0.6024
6648	"niemi, t"	0.9065	0.4914	14	1	3	6	21	1.0629	2005.5	3.5	0.1771
6663	"nisonger, t"	-0.8017	-0.3967	15	1	4	6	145	9.1632	1997.8333	24.1667	1.5272
6698	"noyons, e"	0.7984	-0.1769	19	8	12	14	406	24.9926	2001.5714	29	1.7852
6699	"noyons, ecm"	0.9378	0.3128	14	13	20	7	295	20.8141	2010	42.1429	2.9734
6741	"oard, dw"	-0.2384	-0.2304	5	3	3	5	27	1.9229	2011.6	5.4	0.3846
6773	"ojasoo, t"	0.9707	-1.3295	21	3	15	7	119	7.2297	1998.2857	17	1.0328
6778	"okubo, y"	0.9329	-1.2591	21	5	17	13	298	17.5492	1998.5385	22.9231	1.3499
6831	"oppenheim, c"	-0.0409	-0.2345	8	5	5	17	355	18.7245	2002.7059	20.8824	1.1014
6834	"opthof, t"	0.4841	0.4984	28	3	11	9	370	23.7415	2011	41.1111	2.6379
6836	"orduna-malea, e"	-0.721	1.3464	18	2	7	13	47	11.7627	2014.5385	3.6154	0.9048
6854	"ortuno, i"	0.2817	0.7019	20	2	12	6	138	8.9016	2011.1667	23	1.4836
6857	"osareh, f"	0.2975	-0.7182	1	2	3	5	43	2.6362	2007	8.6	0.5272
6894	"ozel, b"	0.2094	-0.4036	13	4	10	6	24	3.5065	2013.3333	4	0.5844
6916	"padhi, p"	0.179	0.3617	6	1	6	6	91	5.1506	1999.8333	15.1667	0.8584
6954	"paltoglou, g"	-0.3062	-1.0508	9	2	8	5	607	42.342	2012	121.4	8.4684
6962	"pan, x"	-0.5287	0.0486	2	9	18	8	14	2.2551	2014.875	1.75	0.2819
6963	"pan, y"	-0.3832	-0.1631	3	12	19	8	78	5.2125	2011	9.75	0.6516
7002	"park, h"	0.3056	0.0882	10	3	9	7	170	14.0269	2010.4286	24.2857	2.0038
7003	"park, hw"	0.1164	-0.0249	10	11	25	30	334	38.6654	2012.4	11.1333	1.2888
7004	"park, j"	-0.5323	0.6719	7	2	2	7	105	6.4459	2008.5714	15	0.9208
7012	"park, y"	0.0348	0.0046	8	2	2	5	34	1.9321	2008.4	6.8	0.3864
7114	"pepe, a"	0.0084	0.3983	6	2	4	5	59	3.3973	2009.6	11.8	0.6795
7137	"perianes-rodriguez, a"	0.4347	0.681	20	7	12	8	51	11.6677	2014	6.375	1.4585
7139	"peritz, b"	0.3526	-0.218	11	1	3	15	270	17	1992.0667	18	1.1333
7157	"persson, o"	0.7865	0.3643	14	12	26	28	1179	69.5072	2002.5	42.1071	2.4824
7169	"peters, h"	0.9516	-0.1401	19	2	6	5	174	10.2473	1992.6	34.8	2.0495
7209	"pichappan, p"	0.055	0.4336	6	1	1	5	44	2.3147	1997	8.8	0.4629
7270	"polanco, x"	1.0145	-0.8908	21	1	3	6	46	2.3845	2002.6667	7.6667	0.3974
7306	"porter, a"	-0.4687	0.3081	8	5	7	8	188	14.8511	2002.25	23.5	1.8564
7307	"porter, al"	-0.3611	0.2401	7	10	21	16	589	50.3643	2012.6875	36.8125	3.1478
7315	"pouris, a"	-0.775	0.2631	12	1	1	20	193	15.5993	2004.3	9.65	0.78
7323	"prabowo, r"	-0.151	-0.9572	9	2	6	5	171	9.0506	2007.4	34.2	1.8101
7377	"pudovkin, a"	0.259	-0.4895	13	2	5	5	201	8.9827	2004.8	40.2	1.7965
7409	"qin, j"	-0.2513	-0.123	3	9	12	11	209	13.1403	2005.4545	19	1.1946
7414	"qiu, j"	-0.3771	-0.2513	1	10	12	9	89	5.6475	2009.4444	9.8889	0.6275
7443	"rada, r"	-0.0409	-0.6005	13	1	1	5	65	4.1805	1990.2	13	0.8361
7445	"radev, d"	-0.271	-0.2743	5	4	5	6	91	6.1264	2007.5	15.1667	1.0211
7449	"radicchi, f"	-0.1151	0.406	12	7	15	9	132	16.8438	2013.3333	14.6667	1.8715
7458	"rafols, i"	-0.0733	0.1895	7	7	19	16	1301	88.3103	2010.9375	81.3125	5.5194
7460	"raghavan, v"	-0.5571	-0.4823	5	2	2	10	208	13.0011	1997.8	20.8	1.3001
7491	"ramanana-rahary, s"	0.7061	-0.9083	21	3	10	5	164	8.1468	2004.6	32.8	1.6294
7514	"rao, i"	0.1358	0.6753	25	2	6	11	152	11.6225	1996.6364	13.8182	1.0566
7632	"rice, r"	0.0584	0.2153	8	1	3	9	219	14.7445	1993.4444	24.3333	1.6383
7665	"rinia, e"	0.9271	-0.0655	19	6	10	6	143	6.7083	1998.8333	23.8333	1.1181
7691	"robertson, s"	-0.0492	0.0157	8	2	2	5	87	5.4831	2000.2	17.4	1.0966
7701	"robinson-garcia, n"	-0.5346	1.3124	18	9	33	11	82	15.0677	2013.6364	7.4545	1.3698
7709	"roche, i"	0.9535	-0.814	21	7	23	5	35	2.6009	2012	7	0.5202
7732	"rodriguez, ma"	-0.015	0.3782	6	3	6	6	253	11.2246	2008.3333	42.1667	1.8708
7738	"rodriguez-sanchez, r"	-0.5056	1.4403	18	6	53	21	78	11.9983	2013.5714	3.7143	0.5713
7756	"rohde, n"	-0.0479	-1.2706	32	4	12	6	7	0.3699	1993	1.1667	0.0617
7765	"rokach, l"	-0.4341	-0.6738	15	1	1	6	9	0.8884	2013.3333	1.5	0.1481
7790	"rorvig, m"	0.1381	-0.5851	13	2	2	9	80	5.0167	1997.6667	8.8889	0.5574
7796	"rosati, f"	1.745	0.9998	30	2	14	7	61	10.2498	2014.5714	8.7143	1.4643
7843	"rousseau, r"	-0.0244	0.2981	25	50	154	155	2168	149.5698	2006.2903	13.9871	0.965
7844	"rousseau, s"	0.0741	0.5411	25	2	7	9	146	9.4628	2008.2222	16.2222	1.0514
7884	"ruiz-banos, r"	-1.0085	1.4111	18	4	24	9	63	3.2293	2004.8889	7	0.3588
7885	"ruiz-castillo, j"	0.275	0.6319	20	8	26	23	328	42.4251	2013.2174	14.2609	1.8446
7986	"salton, g"	-0.3932	-0.4732	5	4	5	13	677	25.6437	1986.3846	52.0769	1.9726
8012	"sanderson, m"	0.0295	-0.1255	8	5	6	14	140	8.7627	2010.5	10	0.6259
8020	"sandstrom, u"	0.5591	0.0558	11	1	2	6	61	7.1234	2013.1667	10.1667	1.1872
8047	"sanz-casado, e"	0.6839	0.1528	17	3	6	9	47	6.1955	2010.1111	5.2222	0.6884
8057	"saracevic, t"	-0.4328	-0.4197	15	5	13	14	1453	92.9322	1995.6429	103.7857	6.638
8107	"scharnhorst, a"	0.5926	-0.2624	11	10	15	14	255	16.1533	2005	18.2143	1.1538
8115	"schiebel, e"	0.9185	-0.7426	21	10	31	11	94	6.7648	2010.2727	8.5455	0.615
8116	"schier, h"	0.8425	0.7058	23	4	17	7	176	14.2296	2010.8571	25.1429	2.0328
8124	"schlemmer, b"	0.7057	-0.3233	24	3	10	5	225	9.9025	2005	45	1.9805
8131	"schloegl, c"	0.992	-0.6212	27	2	7	7	128	9.8171	2010.1429	18.2857	1.4024
8141	"schmoch, u"	1.0997	-0.4105	27	4	8	13	334	21.3266	2004.6923	25.6923	1.6405
8143	"schneider, jw"	0.785	0.1372	17	3	4	9	170	16.3323	2011	18.8889	1.8147
8149	"schoepflin, u"	0.7627	-0.1095	17	4	8	5	149	8.7146	1996.8	29.8	1.7429
8157	"schreiber, m"	1.1313	0.4148	14	1	1	25	343	27.5767	2011.8	13.72	1.1031
8160	"schroeder, a"	0.4201	0.3296	28	1	1	7	16	1.1028	2001.1429	2.2857	0.1575
8163	"schubert, a"	1.0162	-0.2251	24	13	116	118	3074	185.0943	1996.1695	26.0508	1.5686
8165	"schubert, t"	1.1341	-0.4366	27	2	3	8	127	8.5201	2011.75	15.875	1.065
8208	"seglen, p"	0.9263	0.2066	17	1	2	5	582	38.1005	1996.4	116.4	7.6201
8281	"shah, c"	-0.1999	-0.341	5	1	2	8	85	11.7298	2013.25	10.625	1.4662
8298	"shapira, b"	-0.4292	-0.6585	15	2	2	8	58	3.092	2007.25	7.25	0.3865
8299	"shapira, p"	-0.5257	0.3001	7	8	16	13	233	29.7835	2012.9231	17.9231	2.291
8309	"sharma, p"	0.1609	0.2527	6	5	10	7	61	3.6443	1999	8.7143	0.5206
8318	"shaw, d"	-0.6986	-0.536	31	5	12	14	458	22.299	2001	32.7143	1.5928
8322	"shaw, w"	-0.5179	-0.6492	15	1	2	10	153	9.8325	1989.3	15.3	0.9833
8352	"shepherd, m"	-0.8908	-0.3061	4	1	4	5	87	4.0942	1997.2	17.4	0.8188
8395	"shneiderman, b"	-0.2329	-0.2759	5	3	3	9	189	11.6889	2000	21	1.2988
8501	"sivertsen, g"	0.8238	0.1959	17	10	11	10	263	22.16	2011.4	26.3	2.216
8535	"small, h"	0.2042	-0.5515	13	6	8	31	1375	84.7095	1998.2258	44.3548	2.7326
8561	"smith, l"	-0.0819	-0.3494	15	4	5	5	28	2.4139	1988.6	5.6	0.4828
8594	"soergel, d"	-0.2628	-0.3142	16	7	10	11	278	21.2514	2006.2727	25.2727	1.9319
8602	"solazzi, m"	1.6122	1.0598	30	2	10	5	78	5.2589	2010.8	15.6	1.0518
8609	"solomon, p"	-0.1783	-0.1551	5	1	1	6	349	19.9064	1998	58.1667	3.3177
8628	"song, m"	-0.269	0.0709	2	14	26	21	65	14.9095	2014.7143	3.0952	0.71
8639	"sooryamoorthy, r"	1.1486	-0.4483	27	1	1	8	136	8.2795	2009.75	17	1.0349
8682	"spink, a"	-0.2031	-0.0381	12	11	43	29	1397	67.725	2002.6552	48.1724	2.3353
8702	"srinivasan, p"	-0.021	0.1476	6	2	2	5	141	7.0751	2002.8	28.2	1.415
8703	"srinivasan, r"	0.0502	0.4109	6	4	4	7	94	4.8749	2005.5714	13.4286	0.6964
8775	"straub, d"	-0.0421	-1.3106	32	4	10	7	31	1.8489	1992.7143	4.4286	0.2641
8785	"strotmann, a"	-0.0029	0.8666	35	1	11	11	216	15.7637	2010.8182	19.6364	1.4331
8801	"stvilia, b"	-0.2893	0.411	6	4	8	9	281	15.481	2011.2222	31.2222	1.7201
8809	"su, x"	-0.4124	-0.0882	4	6	7	5	22	2.5923	2013.2	4.4	0.5185
8822	"sud, p"	-0.3514	-0.8381	9	2	13	11	148	22.6157	2013.7273	13.4545	2.056
8826	"sugimoto, cr"	-0.3929	-0.5793	9	17	58	35	664	87.1745	2012.9143	18.9714	2.4907
8839	"sun, a"	-0.5217	-0.0311	3	3	4	7	100	8.8909	2009.8571	14.2857	1.2701
8843	"sun, j"	-0.5157	-0.2835	5	7	7	7	17	4.8717	2014.7143	2.4286	0.696
8848	"sun, x"	-0.6139	0.2767	2	7	12	10	50	5.1903	2013.4	5	0.519
8849	"sun, y"	-0.3906	-0.4088	15	9	17	16	148	14.0087	2011.25	9.25	0.8755
8883	"suzuki, t"	-1.0066	0.0225	7	1	2	5	26	2.4187	2011	5.2	0.4837
8890	"swanson, d"	0.219	0.9052	25	1	1	11	405	28.8006	1991.2727	36.8182	2.6182
8919	"tague, j"	-0.9065	0.3124	26	3	3	7	147	11.2629	1986.8571	21	1.609
8920	"taguesutcliffe, j"	-0.7058	-0.4536	31	1	1	5	64	4.1338	1995	12.8	0.8268
8965	"tang, j"	-0.3251	0.1811	6	12	22	7	41	3.8551	2012.1429	5.8571	0.5507
8968	"tang, l"	-0.589	0.2254	7	6	16	10	194	25.6345	2013.2	19.4	2.5634
8973	"tang, r"	-0.5004	-0.6222	15	5	8	6	130	6.7481	2002.3333	21.6667	1.1247
9014	"telcs, a"	1.195	-0.2412	24	3	7	6	83	6.0627	1998.5	13.8333	1.0104
9022	"tenopir, c"	0.0651	-0.6637	1	4	4	13	150	12.2255	2002.6923	11.5385	0.9404
9047	"thelwall, m"	-0.207	-0.7685	9	31	127	133	3707	354.8346	2010.6917	27.8722	2.6679
9052	"thijs, b"	0.5287	-0.1663	24	15	61	33	915	48.8453	2009.6364	27.7273	1.4802
9059	"thomas, p"	0.1938	-0.075	10	2	3	8	50	6.3432	2008.5	6.25	0.7929
9091	"tijssen, r"	0.8222	0.0471	19	15	25	18	693	39.7152	1999.1111	38.5	2.2064
9092	"tijssen, rjw"	1.0638	0.2969	14	8	12	10	238	17.8834	2012.4	23.8	1.7883
9109	"todorov, r"	0.3881	-1.0126	34	1	2	10	71	5.188	1988.4	7.1	0.5188
9154	"torres-salinas, d"	-0.6034	1.374	18	10	44	17	166	20.5922	2012.7647	9.7647	1.2113
9203	"tsay, m"	-0.8474	0.0498	7	3	5	11	112	6.219	2004.8182	10.1818	0.5654
9216	"tsou, a"	-0.287	-0.6069	9	7	13	5	44	19.6477	2015.2	8.8	3.9295
9217	"tsuji, k"	-1.0087	-0.0143	7	1	4	5	38	1.889	2006	7.6	0.3778
9240	"turner, w"	-1.1583	1.4099	18	2	2	6	28	1.5407	1992.3333	4.6667	0.2568
9259	"uddin, s"	-0.2362	0.704	33	2	5	5	62	5.9724	2013.6	12.4	1.1945
9310	"vakkari, p"	0.9383	0.4502	14	2	2	8	115	6.928	2007.75	14.375	0.866
9343	"van den besselaar, p"	0.5326	0.0372	11	11	17	23	382	28.7409	2009	16.6087	1.2496
9364	"van eck, nj"	1.0113	0.3341	14	11	60	32	1448	116.4623	2011.2812	45.25	3.6394
9372	"van hooydonk, g"	0.0636	0.6267	25	2	5	8	112	6.0243	1999.625	14	0.753
9374	"van leeuwen, t"	0.8224	-0.0267	19	10	27	16	754	36.3743	2004.4375	47.125	2.2734
9375	"van leeuwen, tn"	1.0304	0.2044	14	12	47	20	726	53.9739	2011.05	36.3	2.6987
9376	"van looy, b"	0.7114	-0.1877	19	6	10	12	194	14.534	2009.8333	16.1667	1.2112
9381	"van raan, a"	0.8696	-0.0686	19	6	17	21	1616	80.3955	2001.4286	76.9524	3.8284
9382	"van raan, afj"	1.0844	0.1807	14	11	38	20	682	46.5348	2010.35	34.1	2.3267
9406	"vanclay, jk"	0.8975	0.8211	23	1	1	9	325	22.3825	2010.6667	36.1111	2.4869
9429	"vanleeuwen, t"	0.8817	-0.0166	19	2	5	5	495	32.57	1994.8	99	6.514
9434	"vanraan, a"	0.9145	-0.1481	19	6	22	28	1080	64.7593	1990.8929	38.5714	2.3128
9445	"vargas-quesada, b"	0.5462	0.6874	20	9	28	13	236	16.653	2011.0769	18.1538	1.281
9463	"vaughan, l"	-0.6781	-0.4327	31	7	10	26	722	37.571	2007.7692	27.7692	1.445
9491	"verbeek, a"	0.7518	-0.2518	19	5	11	6	188	8.0964	2005	31.3333	1.3494
9497	"verleysen, ft"	0.6991	0.2295	17	3	7	6	37	6.5307	2014.5	6.1667	1.0885
9520	"vieira, es"	0.686	-0.4835	11	2	8	8	147	9.8493	2011.875	18.375	1.2312
9525	"viel, f"	1.6979	1.0705	30	2	10	5	23	1.9174	2011.4	4.6	0.3835
9552	"visser, m"	0.9106	0.1043	19	13	19	7	427	20.3459	2007.4286	61	2.9066
9553	"visser, ms"	1.0086	0.2781	14	11	33	8	481	36.6023	2011	60.125	4.5753
9577	"von ins, m"	0.9557	-0.5032	27	1	1	5	294	16.4854	2007	58.8	3.2971
9599	"wacholder, n"	-0.4903	-0.4658	15	5	10	5	34	2.2368	2008.4	6.8	0.4474
9602	"wagner, c"	0.3955	0.316	28	4	10	11	284	20.2885	2010.7273	25.8182	1.8444
9605	"wagner-dobler, r"	0.606	-0.0328	17	3	6	11	102	5.2747	2002	9.2727	0.4795
9641	"waltman, l"	1.0479	0.3765	14	16	65	43	1634	166.3361	2012.1628	38	3.8683
9653	"wang, c"	-0.7092	-0.2219	4	6	15	8	47	5.9121	2007.875	5.875	0.739
9654	"wang, cc"	-1.1279	0.0689	22	3	8	5	8	2.6587	2014.8	1.6	0.5317
9655	"wang, d"	-0.4338	-0.0213	4	9	12	6	23	3.1104	2012.8333	3.8333	0.5184
9656	"wang, f"	-0.279	-0.1561	1	8	8	7	31	4.4553	2012.7143	4.4286	0.6365
9659	"wang, g"	-0.3879	-0.0086	3	7	8	5	73	5.2469	2010	14.6	1.0494
9661	"wang, h"	-0.5955	-0.1913	4	11	13	11	58	6.8157	2009.9091	5.2727	0.6196
9664	"wang, j"	-0.417	0.1489	16	22	33	27	314	32.622	2011	11.6296	1.2082
9668	"wang, l"	-0.2212	0.0569	1	14	15	13	79	16.2181	2013.8462	6.0769	1.2475
9674	"wang, p"	-0.3318	-0.155	5	6	10	10	353	19.7649	2006.1	35.3	1.9765
9682	"wang, x"	-0.5724	-0.1115	4	33	61	33	224	27.2639	2013.0303	6.7879	0.8262
9683	"wang, y"	-0.5261	-0.0963	3	28	41	22	140	15.4194	2011.5455	6.3636	0.7009
9684	"wang, z"	-0.6108	-0.2384	4	14	26	12	88	10.2444	2011.6667	7.3333	0.8537
9712	"watters, c"	-0.8678	-0.2985	4	2	5	11	133	7.028	2000.3636	12.0909	0.6389
9799	"white, h"	0.437	-0.5842	1	3	6	23	1476	85.2703	1995.1304	64.1739	3.7074
9800	"white, hd"	0.0187	-0.5161	1	3	3	6	92	5.1956	2009.3333	15.3333	0.8659
9832	"wilbur, w"	-0.1204	-0.0932	10	1	1	5	27	1.5244	1997.6	5.4	0.3049
9848	"wilkinson, d"	-0.3619	-0.7065	9	3	17	12	266	15.2619	2007.4167	22.1667	1.2718
9853	"willett, p"	-0.0169	-0.1862	8	4	4	12	338	21.5107	1990.0833	28.1667	1.7926
9863	"williams, r"	0.769	0.8652	23	1	3	6	36	3.9789	2004	6	0.6631
9870	"wilson, c"	0.2637	-0.6414	1	4	15	18	340	16.6231	2001.5556	18.8889	0.9235
9871	"wilson, cs"	0.0305	-0.553	1	4	6	7	93	5.963	2009.1429	13.2857	0.8519
9876	"wilson, p"	-0.2589	-0.9163	9	1	5	9	101	18.4065	2005.8889	11.2222	2.0452
9879	"wilson, t"	0.0365	-0.3011	12	5	26	8	289	12.598	1999.5	36.125	1.5747
9893	"winterhager, m"	0.3949	-0.995	34	2	3	6	49	2.6482	1993.8333	8.1667	0.4414
9923	"wolfram, d"	-0.6891	0.0163	26	12	30	28	649	35.0743	2007	23.1786	1.2527
9928	"wong, cy"	0.1528	-0.0046	1	3	3	10	81	9.5302	2012.8	8.1	0.953
9930	"wong, k"	-0.1384	0.0105	8	4	4	5	45	2.6695	2000.8	9	0.5339
9933	"wong, s"	-0.5064	-0.514	5	3	7	7	225	12.2924	1991.4286	32.1429	1.7561
9952	"wormell, i"	0.758	0.2015	17	1	2	5	61	3.7333	1999.2	12.2	0.7467
9957	"wouters, p"	0.9829	0.3817	14	15	24	18	354	42.2497	2005.1667	19.6667	2.3472
9960	"wray, kb"	0.8475	0.881	23	1	1	7	18	6.4048	2012.7143	2.5714	0.915
9967	"wu, c"	-0.8226	0.0804	7	9	12	5	46	5.0532	2010.2	9.2	1.0106
9976	"wu, h"	-0.3321	-0.4006	5	4	5	5	87	5.2198	2002.8	17.4	1.044
9980	"wu, j"	-0.8615	0.1434	7	5	6	9	37	8.6257	2013.7778	4.1111	0.9584
9984	"wu, ll"	-1.3458	-0.0552	22	1	3	5	13	0.7908	2011.6	2.6	0.1582
9985	"wu, m"	-0.2861	-0.0426	1	5	5	7	39	3.3627	2011.2857	5.5714	0.4804
9988	"wu, q"	-0.5416	-0.2034	5	5	5	7	61	3.8164	2010	8.7143	0.5452
9990	"wu, s"	-0.3072	0.3685	6	5	6	6	28	2.6382	2012.8333	4.6667	0.4397
9995	"wu, y"	-0.2838	-0.0938	3	16	26	17	121	9.0704	2008.4706	7.1176	0.5336
9999	"wu, z"	-0.4704	-0.1898	3	2	2	5	181	10.2647	2002	36.2	2.0529
10019	"xiao, l"	-0.5624	-0.3735	5	3	3	6	9	3.6111	2014.6667	1.5	0.6018
10022	"xie, h"	-0.763	0.0233	26	1	1	5	228	10.5554	2006.2	45.6	2.1111
10039	"xu, h"	-0.8752	0.0607	7	3	5	7	68	5.456	2011.1429	9.7143	0.7794
10040	"xu, j"	-0.4338	0.1963	2	10	11	5	24	4.9513	2012.8	4.8	0.9903
10044	"xu, s"	-0.6845	-0.2617	4	8	21	8	81	8.795	2012.75	10.125	1.0994
10047	"xu, y"	-0.571	-0.0203	4	8	9	10	167	8.0146	2008.5	16.7	0.8015
10067	"yamazaki, s"	-0.9051	0.0013	7	2	2	7	32	2.2067	1995.1429	4.5714	0.3152
10071	"yan, e"	-0.4966	0.0006	2	21	50	33	543	44.4011	2012.8485	16.4545	1.3455
10076	"yan, y"	-0.7289	-0.01	3	3	5	5	30	5.9686	2014.6	6	1.1937
10082	"yang, c"	-0.1177	0.1379	6	6	9	16	197	10.2415	2005.8125	12.3125	0.6401
10083	"yang, cc"	-0.304	0.2378	12	7	7	12	96	7.4855	2009.5833	8	0.6238
10095	"yang, l"	-0.5642	0.1335	16	11	20	12	111	14.7989	2012.5833	9.25	1.2332
10102	"yang, s"	-0.4287	-0.2184	1	5	7	7	39	4.092	2009.1429	5.5714	0.5846
10105	"yang, y"	-0.2513	-0.019	1	6	7	8	125	7.776	2008.75	15.625	0.972
10116	"yao, y"	-0.4794	-0.5267	5	2	6	7	255	14.2505	1992.7143	36.4286	2.0358
10128	"ye, fy"	-0.324	-0.2785	1	11	26	23	198	17.967	2012	8.6087	0.7812
10161	"yi, k"	-0.8675	0.4932	26	3	3	5	32	2.5738	2010.8	6.4	0.5148
10173	"yitzhaki, m"	0.1982	0.8639	25	3	3	8	122	6.8784	1998	15.25	0.8598
10185	"yoon, j"	0.27	0.0746	10	5	16	13	230	24.2051	2012.5385	17.6923	1.8619
10194	"yoshikane, f"	-0.9839	0.0024	7	3	7	10	107	10.7031	2009	10.7	1.0703
10207	"youtie, j"	-0.4653	0.3911	7	8	16	11	123	21.7807	2013.9091	11.1818	1.9801
10213	"yu, d"	-0.4173	0.2723	2	4	11	8	80	7.4552	2008.75	10	0.9319
10215	"yu, g"	-0.399	0.2386	2	5	14	17	149	10.2406	2008.4706	8.7647	0.6024
10216	"yu, h"	-0.0454	-0.4678	1	6	8	6	61	3.9461	2012.5	10.1667	0.6577
10231	"yu, y"	-0.45	-0.0553	16	8	8	6	21	2.4837	2013.1667	3.5	0.414
10246	"yuan, yc"	-0.6012	-0.4516	5	1	1	5	61	4.8119	2011.6	12.2	0.9624
10305	"zeng, d"	-0.405	-0.0551	3	8	10	6	117	6.4976	2010.6667	19.5	1.0829
10314	"zhai, l"	-0.3633	-0.3138	5	5	6	5	33	5.271	2013.8	6.6	1.0542
10320	"zhang, c"	-0.5667	-0.265	4	18	26	10	92	7.2151	2013.3	9.2	0.7215
10324	"zhang, g"	-0.553	-0.0588	2	19	26	11	203	27.0673	2013.8182	18.4545	2.4607
10325	"zhang, h"	-0.8101	0.0073	7	4	6	9	41	3.3337	2001.1111	4.5556	0.3704
10326	"zhang, j"	-0.6908	0.0652	7	25	39	33	362	27.8861	2009.8182	10.9697	0.845
10328	"zhang, l"	0.0949	-0.1944	16	13	33	22	161	24.7699	2012.7273	7.3182	1.1259
10329	"zhang, m"	-0.2643	0.2146	12	3	4	5	470	28.3624	2010.6	94	5.6725
10330	"zhang, p"	-0.2842	-0.2313	16	4	4	8	215	12.7948	2008.875	26.875	1.5994
10336	"zhang, x"	-0.7383	-0.1252	4	20	43	20	160	14.8342	2011.3	8	0.7417
10337	"zhang, y"	-0.457	0.0108	3	18	27	25	323	31.8031	2011.24	12.92	1.2721
10340	"zhang, z"	-0.6413	-0.2022	15	15	17	12	71	5.1424	2010.0833	5.9167	0.4285
10343	"zhao, d"	0.0001	0.8346	35	2	12	14	289	19.4016	2010	20.6429	1.3858
10345	"zhao, h"	-0.2303	-0.087	3	8	10	6	31	2.5674	1996	5.1667	0.4279
10352	"zhao, sx"	-0.2638	-0.3576	1	5	12	10	62	8.248	2013.8	6.2	0.8248
10354	"zhao, x"	-0.5801	-0.436	5	5	5	5	15	1.9744	2012.8	3	0.3949
10355	"zhao, y"	-0.6233	-0.1125	4	11	12	7	20	4.0581	2013.5714	2.8571	0.5797
10356	"zhao, yh"	-1.031	-0.1037	22	5	24	7	62	6.0059	2012.4286	8.8571	0.858
10364	"zheng, j"	-0.8177	-0.1259	4	9	20	6	40	4.6052	2013.1667	6.6667	0.7675
10386	"zhou, p"	-0.0636	0.1092	4	9	23	21	333	23.9249	2011.2381	15.8571	1.1393
10394	"zhu, d"	-0.4163	0.0219	4	12	18	7	29	7.4553	2014	4.1429	1.065
10396	"zhu, j"	-0.1654	0.1074	8	10	10	6	51	5.9874	2009	8.5	0.9979
10403	"zhu, x"	-0.6269	0.0293	2	9	11	8	44	5.3887	2009.125	5.5	0.6736
10404	"zhu, y"	-0.5153	0.1109	2	3	6	5	5	2.0805	2015.6	1	0.4161
10419	"zitt, m"	0.7334	-0.8559	21	12	34	28	767	44.5966	2005.0714	27.3929	1.5927
10435	"zsindely, s"	1.2388	-0.2928	24	4	20	12	247	17.6206	1993.25	20.5833	1.4684
10437	"zuccala, a"	0.3644	-0.1259	9	7	7	11	193	12.0045	2009.7273	17.5455	1.0913
